1757937456814602
1757937456881265
1757937456914597
1757937456947929
1757937456981261
1757937457014593
1757937457047925
1757937457081257
1757937457114589
1757937457147921
1757937457181252
1757937457214584
1757937457247916
1757937457281248
1757937457314580
1757937457347912
1757937457381244
1757937457414576
1757937457447908
1757937457481240
1757937457514572
1757937457547904
1757937457581236
1757937457614567
1757937457647899
1757937457681231
1757937457714563
1757937457747895
1757937457781227
1757937457814559
1757937457847891
1757937457881223
1757937457914555
1757937457947887
1757937457981219
1757937458014551
1757937458047882
1757937458081214
1757937458114546
1757937458147878
1757937458181210
1757937458214542
1757937458247874
1757937458281206
1757937458314538
1757937458347870
1757937458381202
1757937458414534
1757937458447866
1757937458481197
1757937458514529
1757937458547861
1757937458581193
1757937458614525
1757937458647857
1757937458681189
1757937458714521
1757937458747853
1757937458781185
1757937458814517
1757937458847849
1757937458881181
1757937458914513
1757937458947844
1757937458981176
1757937459014508
1757937459047840
1757937459081172
1757937459114504
1757937459147836
1757937459181168
1757937459214500
1757937459247832
1757937459281164
1757937459314496
1757937459347828
1757937459381159
1757937459414491
1757937459447823
1757937459481155
1757937459514487
1757937459547819
1757937459581151
1757937459614483
1757937459647815
1757937459681147
1757937459714479
1757937459747811
1757937459781143
1757937459814474
1757937459847806
1757937459881138
1757937459914470
1757937459947802
1757937459981134
1757937460014466
1757937460047798
1757937460081130
1757937460114462
1757937460147794
1757937460181126
1757937460214458
1757937460247789
1757937460281121
1757937460314453
1757937460347785
1757937460381117
1757937460414449
1757937460447781
1757937460481113
1757937460514445
1757937460547777
1757937460581109
1757937460614441
1757937460647773
1757937460681104
1757937460714436
1757937460747768
1757937460781100
1757937460814432
1757937460847764
1757937460881096
1757937460914428
1757937460947760
1757937460981092
1757937461014424
1757937461047756
1757937461081088
1757937461114420
1757937461147751
1757937461181083
1757937461214415
1757937461247747
1757937461281079
1757937461314411
1757937461347743
1757937461381075
1757937461414407
1757937461447739
1757937461481071
1757937461514403
1757937461547735
1757937461581066
1757937461614398
1757937461647730
1757937461681062
1757937461714394
1757937461747726
1757937461781058
1757937461814390
1757937461847722
1757937461881054
1757937461914386
1757937461947718
1757937461981050
1757937462014381
1757937462047713
1757937462081045
1757937462114377
1757937462147709
1757937462181041
1757937462214373
1757937462247705
1757937462281037
1757937462314369
1757937462347701
1757937462381033
1757937462414365
1757937462447696
1757937462481028
1757937462514360
1757937462547692
1757937462581024
1757937462614356
1757937462647688
1757937462681020
1757937462714352
1757937462747684
1757937462781016
1757937462814348
1757937462847680
1757937462881011
1757937462914343
1757937462947675
1757937462981007
1757937463014339
1757937463047671
1757937463081003
1757937463114335
1757937463147667
1757937463180999
1757937463214331
1757937463247663
1757937463280995
1757937463314326
1757937463347658
1757937463380990
1757937463414322
1757937463447654
1757937463480986
1757937463514318
1757937463547650
1757937463580982
1757937463614314
1757937463647646
1757937463680978
1757937463714310
1757937463747641
1757937463780973
1757937463814305
1757937463847637
1757937463880969
1757937463914301
1757937463947633
1757937463980965
1757937464014297
1757937464047629
1757937464080961
1757937464114293
1757937464147625
1757937464180957
1757937464214288
1757937464247620
1757937464280952
1757937464314284
1757937464347616
1757937464380948
1757937464414280
1757937464447612
1757937464480944
1757937464514276
1757937464547608
1757937464580940
1757937464614272
1757937464647603
1757937464680935
1757937464714267
1757937464747599
1757937464780931
1757937464814263
1757937464847595
1757937464880927
1757937464914259
1757937464947591
1757937464980923
1757937465014255
1757937465047587
1757937465080918
1757937465114250
1757937465147582
1757937465180914
1757937465214246
1757937465247578
1757937465280910
1757937465314242
1757937465347574
1757937465380906
1757937465414238
1757937465447570
1757937465480902
1757937465514234
1757937465547565
1757937465580897
1757937465614229
1757937465647561
1757937465680893
1757937465714225
1757937465747557
1757937465780889
1757937465814221
1757937465847553
1757937465880885
1757937465914217
1757937465947549
1757937465980880
1757937466014212
1757937466047544
1757937466080876
1757937466114208
1757937466147540
1757937466180872
1757937466214204
1757937466247536
1757937466280868
1757937466314200
1757937466347532
1757937466380864
1757937466414195
1757937466447527
1757937466480859
1757937466514191
